%YAML:1.0
---
mtx_l: !!opencv-matrix
   rows: 3
   cols: 3
   dt: d
   data: [ 2.9794284814527155e+03, 0., 9.5950000000000000e+02, 0.,
       3.0430020432204124e+03, 5.3950000000000000e+02, 0., 0., 1. ]
dist_l: !!opencv-matrix
   rows: 1
   cols: 5
   dt: d
   data: [ 7.8406561793944493e-02, 2.8154355342194561e+00,
       6.3779621366165150e-03, -2.1855475821388128e-03,
       -2.2478670189081427e+01 ]
mtx_r: !!opencv-matrix
   rows: 3
   cols: 3
   dt: d
   data: [ 3.0067017092512001e+03, 0., 9.5950000000000000e+02, 0.,
       3.0620072276976371e+03, 5.3950000000000000e+02, 0., 0., 1. ]
dist_r: !!opencv-matrix
   rows: 1
   cols: 5
   dt: d
   data: [ 1.0320285814340467e-02, 3.2763076179204069e+00,
       5.8017696045537638e-03, 1.9180583887162975e-03,
       -2.6984997331565651e+01 ]
R: !!opencv-matrix
   rows: 3
   cols: 3
   dt: d
   data: [ 9.9988872243342297e-01, 2.4770891651415047e-03,
       -1.4710770874608325e-02, -2.1785427500812292e-03,
       9.9979204983438597e-01, 2.0275873333662979e-02,
       1.4757936913517233e-02, -2.0241569040581203e-02,
       9.9968619185263941e-01 ]
T: !!opencv-matrix
   rows: 3
   cols: 1
   dt: d
   data: [ -3.4771396820520160e+00, -3.5370678897851400e-02,
       -1.3698398987822769e-01 ]
baseline_cm: 3.4800166762401363e+00
