%YAML:1.0
---
reprojection_error: 6.2064248488076557e-01
baseline_cm: 3.4603674421203561e+00
