%YAML:1.0
---
reprojection_error: 1.2850961101451706e+00
baseline_cm: 9.0588299210037810e+00
