%YAML:1.0
---
reprojection_error: 1.1029174809113080e+00
baseline_cm: 3.4586995474304669e+00
