%YAML:1.0
---
reprojection_error: 1.1237886477653685e+00
baseline_cm: 9.1100199126744332e+00
