%YAML:1.0
---
reprojection_error: 2.0739455984119677e+00
baseline_cm: 9.0030850304353081e+00
