%YAML:1.0
---
reprojection_error: 6.1200848994212187e-01
baseline_cm: 3.4628203677270273e+00
