%YAML:1.0
---
reprojection_error: 1.5473645358908632e+00
baseline_cm: 8.9955431597715290e+00
